000000000000000000000000
0000000000000000
0000000000000000


0000000000000010
1010101010100010
1010101010100010
1010101010101010
1010101010100010
1010101010101010
1010101000100010
1010101000101010
0010101010000010
1010101010101010
1010101010100010
1010101010101010
1010101010100010
1010101010101010
1010101000100010
1010101000100010
0010101010000000

1000100110100010
0010001010101000
1000100110100010
0010001000101010
1000100110101010
0010101010101010
1000101010101010
0010001010000000

1000100110100010
0010001010101000
1000100110100010
0010001000101010
1000100110101010
0010101010101010
1000101110101010
0010001010000000

0000000000000010
1010101010100010
1010101010100010
1010101010100010
1010101010100010
1010101010101010
1010101000100010
1010101000100010
0010101010000010
1010101010101010
1010101010100010
1010101010100010
1010101010100010
1010101010100010
1010101000100010
1010101000100010
0010101010000000

1000100110100010
0010001010101000
1000100110100010
0010001000101010
1000100110101010
0010101010101010
1000101010101010
0010001010000000

1000100110100010
0010001010101000
1000100110100010
0010001000101010
1000100110101010
0010101010101010
1000101110101010
0010001010000000

1000100010100010
0010001000101000
1000100010100010
0010001010100000
1000100010100010
0010001000101000
1000100010100010
0000000000000010
1010101010101010
1010101000000010
1010101010101010
0000000000000010
1010101010101010
1010101000000010
1010101010101010
0010101010000000

1000100110100010
0010001010101000
1000100110100010
0010001000101010
1000100110101010
0010101010101010
1000101010101010
0010001010101010

1000100110100010
0010001010101000
1000100110100010
0010001000101010
1000100110101010
0010101010101010
1000101110101010
0010001010000010

1000101110101010
0010001010000000







