00000000000000000000

1101011100000000
1101011100000000
1101011100100100
1000100010000000
1101011100000000
1101011100100010
1101011100100100
1000100010000000

1010101010110110
1010000010110010
1000000110101101
0100111000000001

1010101010110110
1010000010110100
1010000010110101
0100111000000000

0010101010000111
0101011010000111
0111011010000001
0101010100000000

0010101010000111
0101011010000111
0111011010000001
0101010100110000

1101011100000000
1101011100000000
1101011100100100
1000100010000000
1101011100000000
1101011100100010
1101011100100100
1000101110000000

1010101010110110
1010011010110110
1010000011011010
1010011100000000
1010101010110110
1011001010110010
1010000110101101
0010111000000000


0010101010000111
0101011010000111
0111011010000011
0101010100000000

0010101010000111
0101011010000111
0111011010000001
0101010100110000

1101011100000000
1101011100000000
1101011100100100
1000100010000000
1101011100000000
1101011100100010
1101011100100100
1000101110000000

1010101010001000
1010101010001000
1010101010001010
1000101010100100
1000100010000000
1010101010001000
1010101010001010
1000101010000000

0010101010000111
0101011010000111
0111011010000001
0101010100000000

0010101010000111
0101011010000111
0111011010000001
0101010100110000

1101011100000000
1101011100000000
1101011100100100
1000100010000000
1101011100000000
1101011100100010
1101011100100100
1000101110000000

0010101010000111
0101011010000111
0111011010000001
0101010100000000

0010101010000111
0101011010000111
0111011010000001
0101010100000000

1101011100000000








