0000001010101010
0000101000100010
0000001010101010
0000101000101010
0000001010101010
0000101000100010
0000101000100010
1010101000100000
1000001000000000
0111100111100010
0111100111100010
0000101010101010
0000000000101010
0111100111100010
0111100111100010
0000101010101010
0000000000001010
1010101010001010
1010101010001010
1010101010001010
1010101010001010
1010101010001010
1010101010001010
1010101000101010
0010000000101010
0000101000100010
0000101000100000
1000101000101010
0000000000101010
0000101000100010
0000101000100000
1000101000100010
0000000000101010
1000100010000000
1000100010000011
1000100010000010
1000000000101010
1000100010000000
1000100010000011
1000100010000010
1000000000000000
0111100111100010
0111100111100010
0000101010101010
0000000000101010
0111100111101010
0111100111101010
0000101010101010
0000000000001010
1010101010001010
1010101010001010
1010101010001010
1010101010001010
1010101010001010
1010101010001010
1010101000101010
0010000000101010
0000101000100010
0000101000100000
1000101000101010
0000000000101010
0000101000100010
0000101000100000
1000101000100010
0000000000101010
0000101000100010
0000101000100000
1000101000101010
0000000000101010
0000101000100010
0000101000100000
1000101000100010
1000000000101010
0000101000100010
0000101000100000
0000000000001000
1010000100001001
