        00000011
1000001000100010
0000001000100011
1000000000100010
0000001010100010
1000001000100010
0000001000100010
1000000000100010
0000000000100010

1000001010010010
0000100000100010
1010101000100010
0000100000100010
1000001000100010
1001001010010010
1001001010010010
1000001010010010

1000001000100010
0000001000100011
1000000000100010
0000001010100010
1000001000100010
0000001000100010
1000000000100010
0000000000100010

1000001010010010
0000100000100010
1010101000100010
0000100000100010
1000001000100010
1001001010010010
1001001010010010
1000001010010010

1000001000100010
0000001000100011
1000000000100010
0000001010100010
1000000010100010
1000001000100010
1000000000100010
1000000000000000

1111111111111111
1111111111111111
1111111111111111
1111111111111111
1111111111111111
1111111111111111
1111111111111111
1111111111111111
1111111111111111
1111111111111111
1111111111111111
1111111111111111
1111111111111111
1111111111111111
1111111111111111
1111111111111111

1001001001001010
1001001001001011
1001001001001010
1001001001001010
1001001001001010
1001001001001010
1001001001001011
1011011011011010

1001001001001010
1001001001001011
1001001001001010
1001001001001010
1001001001001010
1001001001001010
1001001001001011
1011011011011010

1000000000000000
1000000000000000
1000000000000000
1000000010000000
1000000000000000
1000000000000000
1000000000000000
1000000000000000
0000000000000000
1000000000000000




















