
0000000000000000
0000000000000000
0000000000000000
0000000000000000
0000000000000000
0000000000000000
0000000000000000
0000000000000000
0000000000000000
0000000000000000
000000000
1000011110001000
1001100110001000
1000100010111010
1000000000000010
1000011110001000
1010101011111111
1111111111111111
1111111111111010

1111111111111011
1111111111111011
1111111111111111
1111111110101010
1111111111111011
1111111111111011
1011111011111111
1010101010000000

1000011110001000
1001100110001000
1000100010111010
1000000000000011
1000011110001000
1010101011111111
1111111111111111
1111111111111000

1000011110001000
1001100110001000
1000100010111010
1000000000000011
1000011110001000
1010101011111111
1111111111111111
1111111111111010

1111111111111011
1111111111111011
1111111111111111
1111111110101010
1111111111111011
1111111111111011
1011111011111111
1010101010000000

1111111111111111
1111111111111111
1111111111111111
1111111111110010
1111111111111111
1111111111111111
1111111111111111
1000000000000010

1111111111111111
1111111111111111
1111111111111111
1111111111100010 
0111111111111111
1111111111111111
1111111111111111
1000000000000000

1111111111111111
1111111111111111
1011111110111111
1111111111100010
1111111111111111
1111101010101010
1010111111111111
1111111111111000

1111111111111111
1110111111111111
1011111111111111
1111111111111111
1111111111111111
1111111111111111
1111111111111111
1111111111111000

0000000001111111

1111111111111011
1111111111111011
1111110111111111
1111111110101010
1111111111111011
1111111111111011
1011111011111111
1010101010000000

1111111111111011
1111111111111011
1011111000111110
0011111111111111
1111111111111011
1111111111111011
1010101010101010
1010101010000000





















